18226
23404080293736873134
82418279488011505
76775
759692620748559
407977119758620628125911215421677000178
647438810001625238336693
3775745586144105609869277461
9319301856160395
493340871941842851695
521696650712874910103
404546852358626583367426
7917227491028387923802054017335212073765802860
244105752804
46285409
1018912794058
569778977033072890894634763659190635686944921467068
2609784025804988792168108544
880572445773
620420
8334974082038842436467845632476190384
864519413684141368811723209606
65718
647713958725133459679304292305552149553379655
309492804093788362813409011062816445193927845273449
67413443401954885428526
3604882967292438604245256357719475557856840907926
800382959730067457921191314413220282350230740754700
58628440664253085
1668388902577431841965040611036453640792847940
15686736822030381083124941163358817761329
2208801526554717218802861
4478485085399563109592464
17182516
992021998152653370680394470682198029
879102724160697653653330
8550653252594625724
3554157724978409544580061078801809019
9000237387937293923
524278580247177766623224742262578799714119018882068
707520740379532959433110736321178503936905738
6204570185588190665081
285040879481452284360000491069001026566
4944773598442244599623
222460297138293503116830939446154180032
174965871995267741719357903
4158465246881808583684448702482924700
154201391097909557300388724602
19395191
54238580834435891425586153193800656608437
1776683500639668017616772117528756137
5445552335164515068533352947794
306704740613141553195178438456374066617986
619991328366
295821647406414188
1267676608316
91908115653191185953321968484306307899
462812
580142953
586892619483385594341633382396
828392864
375608115678132620655428168833483830473656369160
864212667947926
32625024612223625948672161121512030212062846424
717389892398221393680587551358379039371
9527960078472655815848225785001
595296787444307361150598527585349973927
430662649758554097177871687270447438954607528628678
858225622951804051275412343427
83857849563374384312040
21513138032156603773419700540823672
2742238415189847444335103538
5871981647604
3508966632
87132129561989448536764782574025176572
745134596129971037777863
7737122338582
392341345106240008061817274077599689577339
21346353109421514841388450238708109468892372648225977
34137510358547160837130751851365020841686
1799616030316864328937
122178357773064165389914297586708165670289231
42181535599796348663324236928625864416836548440820318
85679674874100063406908930746287704
8710275438356066052027343767041032840467842305
172645372835405374935129859674896497731166096835332112
2077545628030189200206001377365453400
506555894334207901810074037251702395590145
448457
154417079788513108
56666605306624
15840715063
8963651071904928104715
67039626057
370795516054109822996625629899675
26529177195851567926491138418056
7190183557729774678434668899359946030828
641083031401074195
6973488124763440817715542068480952726512
718358426656665812361073899105
3441103699964232973
9494859746053073693443189737866770559958165012
9297573022343626982497803482577755721358612676608
88310143153
49735150418131374018969
6724086191199
2699885164790693084
740624668573607521303
40206023678448621079039888722412629315353256210
13793300
905403855677106937856491858674333771509374730765025854
94108546004800873573886777
100456182677822681638166469399345253798846547287585
28536525567599793902910323935623
4593643557880277741250
3986961
50046176142955980555
6698561819
39196900694430900473540678590753749369
1001812107017957204231480573455547755630983038707607
559095242370880037974352097464591605504
858167674341313978398642975152450412435881156
5539205577590464924526414756091454359
510231151617006393468501042589
696494953754331
3330711251301889
92159933620176769790459453218489
31034596401034790576846222
5046695225400532464289493747431894646898842473
612000155705096042605542507638339917974452255068
90125391620
46426
2257884559634084717262234179
239047092124605580731385303725356453082468
66247263395
300595362175982617513849593949556826290115143943423
3872470633559107000913834586288706456867988193
27225323400095150425232791153789503096633405697894
466171321488917258
2907381415400034268628707606315392641412
615506766667866631977897979593034736251905815426426
921583009409469
3343680229006923860996429270619511
23101253786138619511967988314342535090908369103293813
806705706682290903349440568297564566017
4286911458024449500292119597913491065197
694903313396369558909193415445
89859482809744053419605
283817186659994379
8742983008060234460141876901843414
75483448144343210
5214229417137083701321528598548406404231417107
8332261944316385
25165068987541898537002840460121358586
649268274974071079878264318067132414181117
226957495872891924599903473167
8016070026196231785034492454681510242364748297285
13061343862616
5943769069604
2059961713
37526599215084941
58692283104649685842009
9963959946537549522886059952419779
65062763434888242779413783735637915256972231145
2259828044045092480334842100460811391753694128
7871758605082523244211
8511109889506620237458770516609826514780553491003020
250064532804
6053771288007608515801384477874535495
9609016165
467013388589612462186055285
35955193323799
53191705194
725516576188711090723086387457
51389855879424147700254034937
8593786575960688955
934495047642330261828885000944025749560726023713969079
49118600667080628898719377064459495
15537724780912402202260022670864342974793661267301799
12511846999793509063306656054
8899895300872917403900472041234421078829475928275345
71574903449180
890811437194117319060373910720140777887467145
7137010906364351914557396639
1405830
4864582709958027739302878067632954521475565563398868
670019304559188596195788997062
63343349855270
540869010210140
57410945395774763432993
952929905141672598711147682135
390973
7747009776698462634577002782331742014029
971986005059392728798327698844553841350212
757300853473961124221
321444801360538188676041294605896295078786
65484422135059916
3850294821991822517938339259882766113650440546119296
5155927784955070002804
1433655645775939821643
40384701112458803378200699079242022256466
68455976003234259433680873707542930
64068565851068
6632299441
346537
7068090782564343784524426746505790299
1115910606862
3343424133660836459504836566
79973925396235
8304038282702122481596648478561514
51325397103579052660738028808405982324681244308315
805181
9374686796775645944018966413314084553149738
68345729664046098317046949650822839607599580798180
7808888804683040075566787115943441124801571512858781
471007678910
50736780632108967895911451497115154
336373163390965751242529043
794987
277247419316251025376104858382312269229138535
463199096240479061265363868570722
47030170966016672
7623865197356332363367287590664
6675404815487113498779
9842311368546013484450628302480173969125007857140
105329496
1851439867480924
740452889101134343377421704
2356566054471
5717452220605
89318541159472188720097643800501251461459901796
296905
728002537715875841987371455224443602933579329266005
8291389706957447184232833251360604485200017813523095
252800316
98735
152349367150609751299021784132341667205602909
345004319433721967547318682627899473518032
47270368330966237329484958789232843907977295
802767
8223919145
692543592279812740131898550
4418683442028500838132841808
8023577907867843
7464623101022861299399010330167450475355
80277305510
317596062533948507594290693369
103631851632330
507227141189034705590003392992449
3816874836429917461090097858329849
694083845567470838062470120977019831307087839759538
454247578283
417968
2902775960772104865956171819225745277
9137710260555018097385377962628745701717547
163367134876136598420650803904
4300522811378095419007985515791429866
51491421114747
843617987541633600657
74136765237912271852937814645245212490043298182773
610069
6661753302064846044476936436490914122
25191400549485869228846995127045755728267
55549825
100285603896853143967588937047222106782140
37231562696017570158816945231375419271
27214849580980686
323427410713322929146942051051850
91139412444795596431580327194252307320618909129638214
746687468673328885
491438274074891293885570
28039640026298927
39235336885611957
2066678
737536366783985853651224660897884217425237302733159013
7440654737861403627207945974677416838
288737515066507183960
2507835801
279667450120701
657696802622902718436477871667907573847344533701045848
91008205
5794288990700417423391374
2349675175637230122027720
7601727447667365265379077237796717474602
957928325985248336890194144884481352054495712895165195
866968791937640459661018928231
400521538648024422716075638132674039126150371
5899673548517420
31178439376075952072684940030475087650595397918
81710850808933599624294005796527328064632591
46562687926483924649589929420836222636370607828468
3508062699554196721031135
3210333900819473357811215762548652419379
8910061667731992821349057595134655103195623291245
27089240205842066169322044625
350398162573083
9929543261384592
1036714203638511827040578929543278
864264905514735460920555448905846
9262371290833500806999235314904
899841166182486477488
36875037363089257955
33179868379627156
8461855547587538554619740230262196827463318545028360
43509928347370
506584917164292195982117338194811100762283
974700440277
9534139113508770623584962878496
98980987489386751357572567396383
5041611956
72136895
93093525893368566180971601185330
458014888727324256709747
190317505609341131410634687875
429394165063083868425939508444044592231
327287667711640865518729745182394629773322
10568480547669
411271394139635330
89580508763818708
2901470921
244404269567811024326763569942470548
842169995456140243115275989207171767784464085613
24652190627451649116653666676488922442
9246607
8306803535
5708439830085271356723
24571795898111067749021366
82774336602726168583
85558892081588
882494978904868812194145621479517362141277514
965328207138577002630674092744726288
99504528675
64950470956145794850766241690615
5545455585013955067275750807
92066
7630725292060154472741778093
3959720886801792513438
5261792149690072272627492822354720
26186191376242873019411039517532701812007221
12232450921825218864
129411322785670930731244377816827341
695049908512932453048177416500829402777288110900
829810305
76377695
22091739655365807872496109239361
71858117
938640019012757542833094
7863985530305706030816714832837214372755144621
7647591730788160866226961968426470066631
958085878409433155976345798075211464758105
28515043986146527378941642156967025790516
900106025368298898660634770
7572453127200768962055376652214293
3549907785605637744734756644924165264802731
480404
27092299422167985587418961375119
379617467708301220
2614624224080962030100510028952461
5954237939884856077169901800884252119185880854946520
139977612986092987459707
720100145169116197470019741
6887618341191339132206070169329570611835981809
630930723900626650457
6236503250333311646491
32862408190993080599641727563904404815261
759279746573
4060116452628542650739703006
266295027897991592853732842875
827789313458137042360210203859878494791710
543910703054
915849442904638508
9103572506548
46380870183437854
246758151974155291988719419788
369713389
38333756959622388590038190
457881958045589947535754411
9635122591060770172348053594822226921378395245
735099695954
50311007053616924655449545067532310040184432602908
19576443004927327899415987
927956547133840185700091
81314196646125407902458789633
58719186341841145128446578863401322378559102964017
19193293348030458638252543
164701214697968927
95675661906
275429359766462509518316398525009765406422393883386110
5524065945518999861899731270737
59828626157413870656
774287139695394520697548630770569144417968
833441036502994313279220086704407662578567812400673623
6241504583936426767529
152342140139797152966535978243155614345432
59879403323310363712
389359300019482751551552450792743890436521
3139417166358321508307548187157713531379
1687450203603828480438845764443724100429358037600
90195745468194043074
15461612420003729002860910033850475644310383
512475073662572694
48592546720740171073614965538519945003
6351266591757930058600362139667627720066649
92407906875258244086
613627379966472995451081160339097634640055503530454841
97824896480803491343924292798166667681202582301666
6956972904706033400804329144297132875034803028
883404684165664918401183500611489645017526046111661028
722822839489691071355962796216083
1247375
794142069723886426770975599
29420378336662647609055023510941
99583329091083195758021
135333586614
5750189478717397
6424733517083456556405916108998886733538097048739
6093810351283357654486605
2073368051149320168232422
51088346171984
4520816113273985911821855265944
15439337085384496500174
204139725063401977298749992157831971175357214926628
578544
4634841491052872499447903098665923406255
41650252471014
56130664929942611985545329701367386594
21476844720313410606
242640038148
42500790810785399524357663642808510458506283658
5828758548373783691519668025
1788681396095198110085286340164102
2998473804058540700731
16770677686925018
2645311371365883397337095734
762654611788688405
9521231246025432352871303915986869602248756585
7829605419636057335859955069038
64984037031041
42056217897559381364639452090455
51245831894765931201411675
258332566434789090286
605308592769697651098
616352459430082493232208
17579609307768020716343238561
216100052779361764617026045828079
926260333145600504956747
3923570382611374003827408054923494495774179
7231339367241084694649301239698094993
621381203326004
900755465101212880053
6144307937790
29874553043843618602516839683725927826869254346827
3559055376058811578738381965576523438177996205
6531944310862248085606898566669313236752077465
59948195350465399053
76862996886282133605633320
9066853492268994605530
29976979152939558743606782932092529
7881122890
9161667041764
39549075883357732160349951451320606418
9061601932275643943100
319485141499503065948441639050520842553975395426
48828
47068577195206545203558522836143844
41252355372602122130737531341681699
1660738947192999448
37339818441110862507206439509651
2615029040557577910
372023626810304
55558077006309676
9423866895772215379446035
256302814601209864
720460414745007716716535741
215244204753828404943
25955719209787513
70107588149519436631242950615707565875620007353
1094460679861521891643107119894414525216
469901613451592394
469556135782089042015374404006995894341516060429766
98653699300787174057157860391097785000286657743539799
54147989139681592065904161259218529825706024
38929172026438
37900672477735019945552980122964177598341
56063474431883661705
9834880579480267315079619110005555130
342703431516
9335764560517765020039142020627024789691552515
16641330603855220532952702324474
62191513937151576
68124831678688716625
59529483186458098948936061
9339491740662276
7719522843
44643942205249300142
892555743244207325355705526114745712567096159
877893942518355516880324407150786676623362101769
886136765870561826355373846
4935251234143332402033548
109385
965841527248021323048103366
2724220427404
677555453077474495973350132074
24977873642566145627307504974082404633348087833883902
520735557857731793645360552
4791438616725743509826809546632550793089079899
27377538290098561833412813206348051577133769488897
3052871508328237812937060
961724586142280247420576793
25461974308403612051392356119
385428639957
592686099444010464729036139704999921754
5553324648907691654039838291096920708855900556
40126814
6783031179
539749563060876039672627503848586
83421013526782540128948
2912704614
8682326
121984538670469440325606067183480
17698304519777432985704048622697332278749
87571298622966765065747938792601
281054374
541552719004400035980585848860914046439961758999546
906771139306473314123004093361717620089324184
75324905927782103299910839409934354196000541795555277
228838484015263036357
32744787690764739799098215424119123
443520382312903491626494577522663258949561002
1977598543127179545082808878738
1241965070403893671691
302486309939147348005337902501004094586400123115478127
1349727248190533881137422285341905592373458081115
781021314690352838063504939208731974664
18646130505231002
337009032740
323676740530573806094855981626009986346823789949747
3872988914758190547036429932371891471683
993270497391885193570312095860711373
1100151662
5459878560888150
991571753288458756478870762856943145
5375736208978874442662
4248188702
407884810803634600574451617996630149936517927820133732
807001665094716739294027925352983468121
579241965302601217019863592946
24417644726986
17017587625608453141633
35875385366607
96824300482885469966752548845791334925640
995963103114889186808236377941192377227447982
35585631996068014552382630213107505
5657948133942895813132391896156548
967143736578766254349520053629121079689158536181140098
7955366138635322044799473542779755793497508730
6551066773619242326
378031154762980521
1916131137210614391729908108565224706098
35439587838106082752222
367255867115
772716181789687851345937541462095788085472600058985
3218599260698820935315128384720613194872119787028
91602309454234467577532
989781160780692596385205944
7354735
1839901886682912859823060074413708473
205055450434380451
39747409954493075886969737990645812257196002635
60927370099751
222834319857326267794876891156
392836106981197803205003878490278841009116392945614
679712961744384344042864097399614362970498600451521
693429281490579
231078221633458314677898327193665387329127129
213608618857926287963390645440792568616715067149623
15995287451448519454
7381509727007018452
661184678450968168950365255
1466632413067
32053
62805375888183327088563250997567127227634
2700029620530026047340075503974
316568088902970441865457614279128658515924542412
892368630312543969979722007593103606480383
68242070325869059357388
733128396216371499975148609894419159908229491914584602
152941815339431031302388468304444822255932523573084
1304976851
6501996
792933899306900304387266570216402763
76422972226867262866833587259876748500090
39193145222477376517814944633012359471562996191490066
702979816558779722275483941112583477282871604046685317
6303825688440086127532
621609568541792913633437522951228883430182610684007
22910696954243450541
2838812563041255107383
8661933188052728653032330756540591119
881171111
2822748997824503220553
864420211057519840753
599797775142055314132
99519
460562550106318271599535438040449557
676200705313217774746404
76762607718243539226096
4418250660314293898094106289577754
60589857298657838666
30975838625247397796374189886441436069468
925847873276725880093480130049698628
2598293199350488416926237
784871
9214489442771787491799592554701920
6138061330860335307150532223821718200
673702186757449534312130814832843172920002449
110591840289722015775783593842434704223825
39617334043828469173436
503928698921115780568925
4424153826311774307633138766180072965304363
2330656971851597608887441650868366603965
924894690624291528
930057192081
85596642217067142897455567854445692297738122558
46318581276908953673885488590167593861513082874047
584474014959826240188571610537129387521348925
6521025574698984
48038927287
976415689761918238144974158979466809030566
50239600151270783122
61366606597856343920177
125027305002595321083
563279033
64347827997
78670034878747762946
336983
2352083451
9504832689642047908669016
908161319769653830
98429161862782295110760690765691334841573920854
981674983493401471557836087725332645
29299414959822444436292978169542122
85354338833050471372491166377
3043435017103890897634878838
6701310920968670897590125964712322864431476695837018
564439017798770273378974639
121029069239527407477
889721225521258503137523242047197290
714782986733
293946277083752290280728621044871194060130454
6650897842
435654819007748185307736311130322991585788272666
366787478826148468589879396339353730723860926151338237
10799616334274736616245011
17691744412276306571497227160927116708486600374484604
78298076232
758387626261882
8773798693617843525498159003342403900276365779
25542013927115
63072817075154
76819219290591233
3456350742410684967982240162900607215522271183
9340780870792095807834894584
724728540304252116930848003067503064
1974856523448590361630
6911001972
40959692665487992782446015
9986140567529849018862906214
34893520396186013645
736173466134092202602466605825240875293854879684
5335352
914403095481460416571824039703063233932750674978
964639766562540931653540693162
52089256482427
404050731107124372113586403228214342010468898463566684
66257589611837
55814111128707193928337711201394442
8971255
86325354475
6541263930540661723962588246
578762046546201720790176437
791692434969565722918179255168
73649004990554401916622287966699614939
623751040262019057780921
5062336787900276570636900440205961053931648963
453926304621485011653410698236938613244149475389
4688415183911908
522662405397235666402707354466489870
833089040327316163666895388301269987908423465258
9176565253279544600236592572847
41490407176539565003353810790335934627
148246386532607911124748
559062515124125110038647530001416550168272540
23660851722802749
836411774934533383506058731180
99512410
388864465660
8322029154593392300153441870776306094573236114
36330815903042
68343102431176394626743871206327748086346617445
90626598197
235538098075408141871656923792
4853200416579015
67919796221308298820159963902347041254048733640347497
6828742248791571
650553967267506974688331423
24898956808
97449946086786905709717531953092677195251580245
906756656919017022
3635805539
4846643376683815851
560261930
83635622559528697
64566456203123907538201615077235633025014
2583436424417619992613274923398272884471
80345839309
8874876434240661984729184964622617285182475
95208188492301
4124461089989
712044466789428102
75492247900477395907212084972560083723648233
69493766705897088202098348788265656
71750932373374812403651496926425728902
381804682885904
3594079900661
1634131767830285610930367954
90922072056565524
130550143787989726
9920385072428
38913536132024686502862226578148142
68234611369332130104546244
7017781993119087481553934584436193601
22478730183863193655689739179434292068449468
99334517488080939
30506125979611945088475266723515606231316
387499350241045782032693441680516240937328503054961
343429526030837663
63358890428175364349583248117
3602832280912694292
838320919671208502101095299589918647196
7184969977032178285547664410084
620884706458465542521
6992026841532924
15558886906377
144957197856158495825520423230
4581736914159262704411596553273102402
656953182804040212949245203052860
553751567328032828104528612481928815
201568748449416538066792
1481947608876798004021
6047883556651912348483947891544257860476354151
67886449992449835206
835594570449015482606627105982835175548745134590827
96064008063282900561
3969105769747049130486621913222991424415464
92791225588700785
403201649767040
97120549873031236146
8603424283669816746168343853594981
33850182289209816974974185408196261166204100907481760
74353657222189606365510443786420891834321474199115567
676287191306724424098367411364136183276765
430077729953467946850068345671433420442532
52973006
3426852439560246
6067270244836092172196248339
5472145088713479
693591001
98498240929712844200607
920414094391490359218457040952215
1453939515440415817353943620276661975222364959821
87432073384342433358371177174163974335558177865543
7779802826119217414782
797198555891866691794033625571409741812
4881491410907641067006197820
17906640003740702308044352369365
8676677708977363239325224059385175465596
7944710949934956192831133993
990797489068469813
7562639751328784761538821967336273
6016776164780607577698855168
603788185094705747902535
464774963728687968355803470145586489908180690074
591665
5483746860494696950864822959340
600682263900
4269529282155085515653734246190147724155
948241466119809501205154
7739881310623062
9289455154576072630719359382155
221484262706
34257407948371087563926369076
80216657
2546663216786061032613
871943741830041765
243246550167337686230679910914344323553889374584068
496599623233454961
568208
444464404187445709005725550305075825566633
856205619424677
76994
942063273137307624459219613415473308374041084166
88434722460333278522646142626767
53947034296928133616150
76616408770638647222586819
3632384931101249074399384817577265157
382294338936531407833870446305874534
13963291353552257594706
51217166106730136425462541
25346309344759526984434679148198
36817001132807734436282
13162114197814519295170875667245390529615173498238951
309520092060099765675767091052
236958605464869486
69329677796777736493259559417412683088219027135791
305591238306883549212096629216806287706608872198090847
8508204917731746130334607610351659500423018
579878881937984
260142172768455474717468049968753
300451461986824336676602420622606
59335259640698875
781962040616910065321878389251743644385610806
66496465328888487187211
1773147601285036199
66895824677
25398140685
1073731467604404158808
975602318421951242818918029978356754282956
72901999040948286854
180747
462098001405499404873881270
68575657917
5932093064725
59054369241780847599249
969263567360349334
2907676
68560173537799933990025152073078267145479825815896172
96950819
608193873000902178857415995112697408
43024993007361164987810368667653774998888055592916
70274147
451187710834469901638409
84328
76134452652143149332128
6102725809570281
14652565049090720903177552607290
820074622202032995995510
5112171005945579892636516116037264
16226516114539687932
741913269
2794224551325816645661
607718668043306869864934995
9100986051765457246509144350018383299974741
11077232418200485869294110929534919341
553701879004813587221867488742
399825907919287
381417960308343
971578533500
56171643057
42995885364318193507848714600377873834158
207226768088968644700588382612320719081090909444
55854485225507129993967650373594979495103923
997286455081008821950885978078454719
53981621902906710904043519428917451233358104
77868769678672544792767351696896
813789739948695456344960993530067188971716526
48227714902155176741340344732037
125291749903404295555183133226313895001630669984428
63490231785990676288
29389098088778
2779810248486706612818844022371036675978505371
82087598369115480387905055127749064450362266
9478292025
25509434280434386178149283428430345478286198
626976
3897836328648921547719
50453534580641277441802405447112599707031179
504475766780643017493939852921652288832622
4369050841507
579676885
3305714638539961256646
42886469543767
9531445336282867760800296489982679880503359526
497746660056671700564531997438986558027320348388052495
65837297748097057469732261844
4992960463891
1685910553696404548471357008491681984280477259351110
269281532755513089182
879676095063
2417773849529734510283
84674025448092214781482
434828193442431437107831307
458892087145022
499533736880097527745216659909720676212929240
7469436824726956592
27082144266999
60931981928554722911580084509721990899
9469705172742
3988022603
305873942409719363420700080924675
524479039415597126586409472212976195869
262690691044848852341125645290588680585084949008152
71263814468502004039233037519996256326420006
41799904117274941327183746819940658140
908996547172824561854163746669234335999774534
761041
3575914241175343199130719
645647459528977122700703052929218272494001378085933
534500106343136848454
172755277756007701161418959962186210123505009714
3939233595915388413761055889205
774541256152116696
75978
46322467977537
5743537226508159588285277623197
4639111430060239499764
838853691430493090134756625337745304965
664155
1231553298956320785481009379595458493037281331
8999138
3968792190980927162329426758756155
931500438
2377404007289546856853309504510117244393191080
8846407462368
8487934670385147061837045908047807114670182768459
1614117325667400128832865505294
862010466258360473860936878415822569331579
899933122825690162512979243551320086312714261010269
12019279685908477025585112689547
1808455383697685652650041297973510809730678301052232
7433751818690502936672984
795659888674816505754070752714643
5608016209162677478
2153304893583465258447643970395247809202880536
764656621434671761411122606146505483443357325
385076101996778486737386873047254620
1651308371299437380052194138226187840044019701
7884938393387452394930596751909660387
602347287851
1464663684710179
51296609127328529758815609889157611073025093992554423
9504432530327709522613891393954723275044
8183350826472235673419269046742895037
236643188657762409048342873190
7107973670148306627791942020425490415434328502029338
693384931246809123310593814455392506271682239880916
168725325193936585524561
5011582227568119590524776200220
7373164517061486
158613791033496489082011144680544736683
55374566335073203146688194641959163
12190995893168528581779807263
331525874629882985318254720662092106049
811477711474408812128759860303121173462231322830
1574381060
768403843439953815436384830227996
7428212531745519806161844
26107439210951789757240789081215089172305479
181039170867848973428538025390318100
87066591399123725527998777472741107730885087128466
880211179468865344873
672113813488
598768304485677782533352382
45424432593386818287193119671676785083944310907
73666034137984375
62496608
80947795628
809035641837577144792882017776834229193157534281664
24168435350
46081155571481786272
4261471431840308
4161464764943054311789660054478096
6392277493990667301150500550711684905032307585672728
29514722866816259607794701
88383630987370956485028782392226
1021318489435613145707313
33333355485640595109536111216523701
644361788849
1302911179428939077236737174416471508416978
313341010438147644481139822397
994145986503076458383
85675178472273112520342926321349746550
77375089576198849156925625934865427
67391093793188628296955878367755127899369414614570
292828575
608228731363201239076687992381
24416646012094243136720779870033
735854824317453
92614162520657401698274452987308325273760
6309886385318406550572331814975241259
1911363720844201787350481263420120973049453184993
97286691946364865933
1095285368558747107084937879065672087
4520469761633443277591994063327544735910
5188304239896
727249729558642977174
8553290612075068254
8218670090010
140903779131
8221206796
69492951418495918318741873335
369150071833554
45331268308357225305099418652167289332728877918896990
778847032184821673602566043890339026833927949384
74093028381583226437636036386793789323962
431990418395071368148452236144258486291768516647282355
958775546587712488181958888823569400087572785234628070
3068273891937464173816361040703391436780120448534
77467351170461209810671978397677
4711806475128813006745439983841390951993158677120546
80365332677637545411678
213087303726768220705689
515082763523516038286587749837569
853628473126667854916797111832710242895216081732384
421084012456187390
251434642088452044921218267224829899052208631826547
512019779514
44105570706
6049579579349965098568696098
4265506622796
622871617672962214398896003412271406
4931236360266439086701
145464130066
6170443333563954270220
9173358603
61916305191258249800080907814
881295008742510214
556552904501907621736452190620809153277
755539417482747002946381534421756194676923329977279
3680155297731252497515951058932227086014154
392320227582315511596557610
535662980975
99447769982
2800095947000092670510687630916311191056986810
447577877915260
5075247857476665173689
9878621054506709124537001311121
66287501957321
4891793256
68196670354516438090531490967798093276395195004514
7531520845425800663130097495
40797169589899013922396585938563226426689925642
3226152951619918831873420512
708462505
85960985839480656
374879297719561960960941
6594141256069514019633
344054481861622018248183
758905372987813759
9867134010220476
37000102
667098547594335438684154239211886969247734800436
27690661870208536861
3089364590030870391697535575079995359427
51151895289050
635281660232291312609664628261640589646
8949548916
914791320190508581656343067
17591963008932609051495361096932281262403
1193605828273629218
1455812
37139241162284319257020467815848459717916188435763
7646000942410340550213728762267066150024246636
875014950250933230796
922896079759368076019918
56145155
958492953617327966629332929823411165173
50863030753715750057624246025207914538687736238282030
42310218979720363
210765511130672333224416429528554337074678911799
931816040695412083837552422366829481162806940421
7855704460664197882248526795353002080583
3806607303
394043555463622561036081400001766728707015
39485615594025984259180779345
988638642846665999582836166183241031
373447103573196833546151173783604764676374046325533027
3707374
9960972
918043212768
152008732844
393026948034755727554
6628768326703737031325875152322038920694799282
15186882418610622640592096671445059619
4672875984033269215137056755761457553025932
11899862706672938603621354664806673471
8801614452104640461866349696555117835
180573093
8974601606635
6145673441316209828761766820772363238
79037647658
6532116334218482327660063568685
856473
99247
8076270893565942
824216644022
647263640069319031
5528746645
825178084318839967036966
4488359736355958110119889147618779061033447240206
1852266140
158249503756710840265496042728133577045
7988816590614826436575913974118773942574
5490540841068611
47380712442649218219777288068448208058741303279721
53975088118637523713752676861794301527861616
4033571370176545780962
630286617886473
3983425044273436903175849
88095424683987435376119218127
30686377758565751547312
28463955301351299457789075440796857647701120010955296
463623987
832193385884391509158830316617599861764
991069299205175036483322
1330777791922839632897524
155672617710756150759758586559916682
47491356363811348222232566132
4809449376062868430232800489
4354243673353041350643700761213033943
72379117672686605434502335102178
124608804977003
4413735460072554369501241394281827395
816996356716183295457034930
849679381889979142513220073
19261390841319
26688833283494117580312810292242583356207150
70499714000239390417419753941715
5757977705299206
148629
2979881683793883655407748542285452886485746317256533
7463884748172341252995524650645020382625986977215
2879597180731166745374171888258
75544150526939919771979305156476
9686185031260
3943875643929658387596975353362276799390
473080748428393080933291186391511494973341664907
65977583571332781638
54797634841853056394030671317460107603234
91448386795224258844751455939217179
79107262874090736574117290621327622531896967874
1803435
422228907910
439719713189727202839009
8119924342295694674175577635
5269141790386917256768201174771
7619932668332251103068133538553430848720019
521998729194372176191816879114895
499753968961149329784076354125155550570404254607
9535489369406861675001068543408000059
49988294
4874447
90037411563170099285230482433299080639488962630552055
51767481792308625
17062196478110327022004277827381934647279604996406785
209083801755738016890450133
7699709672513889519941262121408056
6400841502184507965288549333452
63070549113381338799825
979019117101880871371792651280034708878500676612671
379084742773666879876137158584356228037
66585649745139062501992092973
261801
48450430
68407231759753175976087482927100369
87587966341336990406366607985553115235656945486672
98497157009285936823163
55845648251587384323
737304396940063326392680585570
63348303367072744957362851504361935890406882671
615680992165657560522062016862227164042
29167064215799096757
8236375
696928255057153915834749533805928712226723146275473
315180
82460347746362219935176249298354
4634957719211224
22156924810825020702216726
49144603786837643347131039673918998846033888534
948009812729255088374
128664598506639381527548083370750158081355454
722965412234900
5931251276567445165450174816154189456304
2970848294
114844860642816023144251515775275221707740214190825948
968963433263167937
35691541973030039974529970
1495515360236515137418662812331068520434
1471172720989051904546159597887271510887267879124
479490946411091729464309278475498635053869190047236
49472180964315861
1531714
373496408734461926
205641456909244319798617445
7734718310513840339669373886575987261994
72126525502780015354150142269279159146
790981449579781
9420009299299692563
76016488181878387
26277846584523610766123389259744003897682341425
81467485855358655826554809506381498329581
1947253019968150448137908812962408595120
78576586594431887339396627
588785002924221116923852164373835
543259203923758493349331228008637917346795
51845819950344151722984858
71313118519741899539721531861327325814290967630
9271589
43961337635506344
32280413854077359008496510765
76996633311801308179567
521281924868280236635
99921748732919779473327989195881380464869509783979
77217
3536564083074
1270817
815437062134311613837857837339255766066813472
8847320308537211910456
2240113520
6966938582179936918166650603819
38557891665071098122229
8224779932978824555548490
150277826810163303636409330608991
863246746464538078832107
311471372000892395326307185549951164645800
300216093779160944639821562847752104
39683
298540590066245138897559
27353103
15377944762356939136200750632468493076951215908
409811413052570791108588077
11873904563551723879868092421973541626613896595216
379767412493593609210353743
2235144683237278918664385847459553196632968454298
602506378265
99289591762687325500170
64559862468948696712933587918359825619301835751256243
590548575515610953747578573
93222123960545112577659357970043204917071696640
5364390912276715901055098805182423
2601922091318491999300984112884911114533134625560259
702059194076
476996492899940788823862585629139
462874326040512
884619386886001856954
87062926184191936950528
156377593263281684067219708730276022806
8283120170738632735454719839
48062539
9290308363039838390111138672001286805878965875
6787868300151739095300964415787
298094980338661093270162518745229936717260071
84757961674565346047057150226171419701313367244585962
95740670615344
2286732377174073416828452105581303043254956652349908
7237144405
5437342014269098366413539517951850086784840
790205864934963713997
307418956143186416
39610521264021790939308607060571557435
7813985639295232247837149573275822411405496524342285
7828591149
906425226269696388983929337652736294813816871475
187318362701784765630656496249014771
1460769298716930166579104626761283804771693677
455429
451992883334719249264135935973711479603980410680660824
626652383751276797759765024859603210220571843883199
5029877980556220
8882782
835545881532925242
7324157064
35970
154889851059865379189
455284193074
663011208589331651945654027362724722414347813354987511
97777434980594933807315196632667
849447531397350082468120
74131030604507727239588821417477180
476059658438393103580989
483325712476321899092875
251837758676741211
3475047863288131042782045411764365
35243221531257
6832111666098917450742429351759748485294
4578886087310588616228252703901351
93669370391802535070573530173187024
4366903861921370871861387
96752591
97879521620018893742
8109339789849859651380038213891764
978685
546949651316777597535504983728690330591468305
1935698081264585621055737637207217229
748142744109149601893822573195373061518317982
3238799626270
970243677077846847489
636695370520343634401186083558444529729
6763428598354
16264790233187
36740751215643379799193820
2398666244939716548365
19881883969907234082276115510327465884981399742221
74470347209759
95852959986306593822317069597228424135479254304901436
7917842229799148612
7798111791390671652571251830320494756836410915
8853577358572735308063025
99700310694446278961
5024366659858211
3679483283195783327108270
7598088902
29627458207096335848161866380709719025928385580
460264848
1375700136654434247638850626364468979446227592371
387284854699801903344648197454
740872
87309
1007600477202226898584507003
807703279179
5339300215489847077797025160188
404969247528154985706268
10960385150464307047
8566973
10117747201
329767745438705153511675
34371822882242
9177636692532748909471418048
8168713758401537978914341
233166461186454297813080742351649635327440
976870819142771976160277418743944953147116
3958049843435979737742805379138441993716975
60236095132770053473921910710767145659503095494
44118856412949115578091858647870743815
66618967003669403933383641112888017258234465
7137346450226966549186
8902839270381136704692787954917981387649106244315709
1581782028840385305623620891535247772
34962851436346595325999787956
807162907062654
15580414441598578429485539299
8776521650292343792354106440701657317184957
831112157004024150750376599334
3372316352209440473761937780077831376747047956665
917367927
6113900953805399634652893692936
95641854
83650195
51168563120502402591
807224935
374034
649786607593200600
18659919403277569556452021
68221391495711724556266627717740555332066087
2750601282630533804686
78455451646499725091902929636989194538272399143491
449400898731945060694352696
763375878068725418151786141719707423834241987
5902485926786081365619
271096527708092621511935817830707
77216434391944040374928837029713498142576726525702
6038528743461267863889754376458
6934253379
1301054242425186420138728249964522078331256787612700
3584977
968695624703206016602172
392785
224831155661354
146733107180396360406740756470629728583550746854
5039101452369774149094968514276439586
55732252683735
540383939610
6761422009577559332558523213861085738218527546585517
609983808968861353949255158270112
9112784135848748728005103532072995
281271433999582899732140351264676575309079813160
5646276080438762760941
30650837265229033034608727880128682333135721498843
1801254624181980604736616182871664233729364004
346953893869536468910701203
8141179282032185511628676966739407742
578875149
26004180561509
95009147234
4575870686575799335035431212
2203900698232257271266326306294594341
8076496158827437037649085106716107511830670812228818
624158535312601250
2120591150222495452892033908
3328673980774156703593621707291551692650269308344
78977393541378612118504375816307547
6170868
6593040030009246
83733165409014967083
5818910737688707989414816935151686380677
97433665653460414839630052133
410385798189831410478847506674
61736516946233
248866922183801703392639
929360765580446405394573839699738035
82997298865912289601276741567207299050713891192413413
80210195
55628154366420915397555037482327786944639666828
563712446698156435675809335451749854518398327335139
101119
69062656816585460101210356332100001203772332
776682186627834730993600148643199211739185260235
122793312054259762128713998742820
249007332522818799083570
1181412817081812670269519213359
189490388595142047187374773
7669835802540183240375071
2426964038318876414608404611
5607862098417306373852
4960901817206756621245437525421527095903669678
95096103828
819972889572925101
701864643662286529
15090739397901999101595384567
186573376692704778328052450781756996373036
466691608626613751832231615766484879719720428501006
7629558419191657740075630066904221424221115575
647146
39878170
1749651
227231249281063591816333417043302847327955350
8153396613804093117170
137129727798939078983012196533194183900368704648739927
156734473195102303756144514585712690255242314992617
8947833421293
2784079537396322663161913
15467135483595279078042744762186073952359440623
35468386095853
92705815577908515801627416151878673675507
17456597702960326765749640822897717974859281
905144537815074
52709384157694163
6848732354605525606219937029
4043018628712537311568213454717198310019839456701
747696145477470987741680293521367909845085580
513919226262006757083698437684422465162313403654688003
64766943740244020
460400445055025581735042087615700617738101223605
491590138323506741311782944936091552
35425662006413818968203538076412524452361
4726077968903739367990
93470119486423
94237527245425232675223337950674811340640446626
74979
729275277220820482960853493496963826896845413061
6425464278251338623625406875
55536151682642173733230
576330915175684539074085112891940025
68950849632657
145021643161039569075458631761551463999672401
76883222458408218230508790791429486294942500
2677135125798232928098209674418621311420
7882740919339828684743689
479657998765670906240813943497333593804752993
19061561571779759697126269279198479266822251915
261241
1813637106030452492323
9976882017070587108395411307018080168993903983979463
61432385155303798
22091510006517475784426047904867135237426232
9468534225024227206
384517621936117685916880209077206627218890657887
81539870000080691855774831712760
106287809956260327516524616382479808109071
812947879939914244776739695997632770243217654823
805707712445365077418571073590077519185018470065862
362348515336264547910306379653913816964801229914528683
18399167441506592998910810060
639365976844468048165062943
72948325928348984379002727245870
855131388664137905750384845950164894645360399
74436922620534789405913330579695047678360
27553135533507766752864259141384895603578212688283356
4292247307785514627597860781273574689
62656860608709300158780778
9594509778
902149513835
227209655150573651797520593464012003914713
777447833345896831064484519
955962186535529566721105
2369290
2560817531
7063882518788521412455719729705
1366470802485780695320
6292380782094844696679583256789746900371
29143996041621765364544072681578
47859762499198478459
84655806870373633049260859949741
5832989416380669301329122092181781933
86798668581689916195156815051982
4805153206336903472063190942070777423361
137669539280168676509124178730328469443148670420
26458169246311305304187198713550599654851215330
974257275164788234645901577758582
10506311704227686054870294133459
4818347901610942403914572266317053885470379878199
49713064195540903556333087144773749553503
6823192577709399307397
27737274211994157364842779479789207825085020749584083
46085014504323406467949450552674603087220899
456334458013242668259208614351127760400777976084838
61371828546596244252163
192335979687249780
79669031559
50623352970757483600998027750282015481968875203326
690287073828974914327979799968727151153779054
63335542114512195501994178
1765920
6573333889420871085873380347291513354693129297710057
32002
741857
55347725466041933423987591694085353511905785895894
324907618909531309766407
7947088927813907403483993187293576932367840786
79598080891544979892050510937551348656954070455255654
65655937428872401432303512265538252403439859125467
452922956896667325370851540271642300140017422927
124902869764922560842895124295483444163763388137014
32746642862018390646380982782532973175605286450
6459673495490
76819157761576516969428716200969627345114444511
540321096767306046
47810558
699159584007835199
832513108001001237927035021501789018816
6135212342185268
21223928125444551711858824367110
528866969348691330312
72965624935166360350022834831851159885035
67880353717236315
458592063103099343917
55867362695086769278153690990676991558369576042146915
36212366
7191538269249025586824634972
425165670524838924134544661571946994243452936879276761
6357724308357731438808350142336293249515123002218
902779166263
915510827
41270812607656606957951081525148322959453
829964720331210319
155425
652186022350852610818243359
7396056640986962348712328672
684556696137704017
1282105093022819759969040146021231
455035522331541816201722966949190596
350148956220655509330751077864365212130
427257242656890445588
9404666669271959
75820253206998554049807444432902095875150528506
785147588470
203175613046977778049791306827
90901865819657933535358168032417358493142190
9847148482
1080579326873
314192678695
42044420246336889817918144043
17763311802196726941354642342
78864868246670850564653959
53799987423256910221285020612460911427155640783705887
7759224801744301904
3865440268575351842582621722163087091
837969913124188110019816783561748679884109465195
227492621108
32821549310107463
9438660509598920316428333
9051073143461374605904156386012642665192
6985270297656762735600135952953866
1669639345088224799163557163054571872
4266534311982989469521001396980791341895812
2885226379331502593749673730503193842008
56195400582510
2725785516687808023443051466529
1329989
8516742831785033352244041719369055817900690364533
630816930493035253480505534255788103215
58310025509197989776721
787721465938
79242266161486329163745567532816
32191228626551915607823
288315284607249306
221089260781372
78674030685934482517000564679164782353723888910806770
424348858980777082423086971021338742
345994872851866048165641159944951938068200296534
14661921524139762783902737617524479846854900848188
3346536
66960
78201315867666104871516545574022554925538
25111875829
486875
34107239684746159096750691
98629101552072773799257
365187728492150779839994421634104249
669945867010259602709966559589081119912811124499952930
79293635339750452954507
1525188205601019715728706143925078263706795393447393
66685477777922577797542034497809824568488097747
4327731311
54663795005763316295438916211832714879472028170143
8843021375891
5778819160550720734156
909582610887326039130883654446610055160795
218682664936581736592055673435587938194
82316325505291792703550546785357050561068477358375204
55299871463747179310312979927462645693
82593153566697249185318076
77930562449653146
37897379592818500
3351367784
960400988746705748364385189635050448688682167907
8693969968484835050993
364577950773429093663084
67787887166069890755799718039961308
14745190418064906243163638060623216433013
18282414258542908327688609961496160838400578219
801736139423883324358789057299880276276
558164117568602158784361804973
258123923538889825013078270878140813332
6656640568800
74197841227850677883631633429464472622280248179105
66244216139402506
465542
26485223386358
11722013755888107060550401986516947249433641362
4239606949426691878257
30970798575990349454819937526
29796599188365421796148488003118997269180195782359767
4491841238503554129564616103349567458261804298372
393985764094848285240
32993484010119596814233718268056292139570976104741551
978572194840422147
1039702450444891418562869595529
61703237571
68326562665294586483355789652787728434003384588
3956510023414921115086
55104030282768296257
43415383545153243760889896516924051200369
11893882851448643971577230739
588413964318089360597
67505537468006891481431927945083291289
62077541583083528475869811462577859825816879474587039
95146915649161179834977807172674255191017917545
68553265764806
5616863023623176628402171332105718609099999
27248104412636445070331248159306609855896
3719984661023110534
184327512472454686179216164330016621
8449822410479591451
75931
570296570893076634230880326369706586365194
271207287894441635129672779190051026994591285
7384568811280680847308990947509
73851060130171039922
4661193033483067141181
970197112954103
75116
70692307762313830769
9097467165205
121233078578814970981351476527309
319614758402905369182463867441066724440287206567334840
47821028851777988876836016191939
352807566958518
5375595266408981535183145
326309
999970847079374169433715535808
111419253488235343658622707
762833009089333986498562464583179821157
70161071621430394604778951401637446
2893687844189054
667039465056559793087528167114
58282
108739300592173
5684503716567216556876822147022268348082853
98356669983103895253693047
57120507079417721216571436520464176664
32900419646064128885402
13832754724365
9057983290117032
3692012293058028571386
208680
18035729479988237578
10697158399320345
6034426060572235549408011852091
9155334219118493230018386874350
1910123741112720516256
99126946238806770583353619053430253350849629457748
1848481963743256131761197258417533102111164799
60780691
747909430157962945874580688658316
9055064
22000801208777946274064129932197805574899560166
44254316862387253572567139885836563545287436329
7757220090609712448617155308
833782953
929164
837906757133142744685800330430801293
508856056720645682875952887379775227
1594482166151029858994421111616400851248192704195
93329572718412441601
168485569105631
9482607058718761749806563544384
446475234
662254123705
7692246453509197
328974303431
9993408147251456488129582145904689574570505532
435940389260724383706376641325587
83283218285542317923
21082094713989939239574
8100131285445939777987523994583133516237073935
82527
9034749088026936646313916796074799
57758259873571
8928868070871907978264
42488432
1382282890064460007560989211055798040539966661
526182671452021719534131491395740729219215328664178
154301482
6532045203929991326364658818903565377245284320
6891133751567337780161972
624303511797468
30993964386276635219827348191226850469489485
4286184891579206556367959863309196651022883652791
255602647970903514984929392608
33422748013021928619469094380774019965
939183
21527088342878
68620172504776545347408838956834433238109931058
631872241134
5098946022084717342845
2012438175164242817
353097116926485827
5665284990703220682852705234659372958683879808194843
164958212831702031797068
97560720077227444337018390858422729162962021
67610787339727378666692987923624019773005477840
1013653583985384659987381086
6248825868166661947774102
387531126497
7455621870472406499
431239048
29500327366703
34261434184743744313064050877096
28226188503669335727648121249520764053
4575280255870311577889536536060828106952
587443811915998615522242248
5324033308762549621183363075862359564393959
73293590113565785
2324240950614426519292032958011811
46607
6552327273302181519
738072602735746602706959928580073061719012818138
8151880676061232716723988320
4254527978978852609386304513429582932297
982309668433157324991815348273
627136751312661151068771413
448033662435455579473723
7366240223212548995829832793228
875855106934626974455740926740
61922638088469479
33669
8875146000437550935218881946658189788271123
52405942489352806698892754125
6638761
37001399819350321048501659422998
4487973319899636122290937985784080592510087178
823878886579394594688402
3162563224339199007944
7130423015029370478119981308
980961059929501105109412046856790629234803603
35701893958265829668531601746
17363148365949609818
660047953821258550155
2477966145578575556292476379070686815888
959987331702172
47187304
8656609942474562896960446919553362542680
5792932070755511165009013699986922712688939
94167966944
66709901970432599727989402686794090686619871109463
18515849779268771075625177625467
382709564838954885008833
697902
965629278291176077245922433083
95864704317157310
439923682925251
162992658485082984031990569570910098341607249105034038
9285796781013168566371
781221483446040733171151
177800067705541970250
737931967755663913084
139878
45413100019178992954189420
8193521901927487736
90432616850625432127435868185270388510223929406
8285572354893501
838401253763492691
80793289507732662047122438080050994809
93852575846388064892935939229403
76894242313
1934796575486773374896619872
39637676658487251
731855658495584991295021339520350203847618209049387
40508919881
559763968467685799407265996508359024643770
544615633435416011180519
9089589793123215235175272054840179658408127858492
369020193262014
7790680812282755141656170
30383838320893845289361603873152421829
3108309782182145086
824943036750758738137159467191696180937648844579
95549538394186431884254448930056208529181031451262
7469671308534370627250939
70299656227032466135802772
31201824805062049553090089415746885801418920088
8477384
66110413492803
3106768995566199038
2071651863686429263228293426156417016763985491307
27893686352037052549632306836276104751
53246360666907776722635400277066
6333483094934
1354650045760
15831964541745088749
58848347169204632597187755178574173526182640718
75620841676888171815217548757432138786909702233488
82645895753407157
9362429152756181901463045445213324114
6259307944
6092170
61451692298375603327551975794945820138491954490303374
7820189044125524820311
46263897227481606263222041822235
3288520801014297451596543135281
9396448841136020321149185
332419502389127305944174749907875315563595335321895540
2528799268685290607675331541497536697108049565795
604803993393992361679838978968373601153946
3698616548211519711384247651170160964
173130626573565260385111364867600053170781695862045
14254473589964629856913482437657400753765197237892659
119611680020459286852834712927757972
446479595576
532186170878860361465091801403728518741070
2761757053316662902999819454857413091937460
970866716124557416020790
74513177658905643484
6313200453533877882075375452828877298139700983856853
7353056351609082123315945536
21342638922160992391760173055301611141868967
90596659504763768229797388002162627238
857650322437075
133223029606665348147090493117
271004797469
604573186620569694866258753115911858405845
9270083757618830
88280585538678359075722638169257
1606635755401631563887125691095589144297668
6882251285647432795434785833643
992777
693194296073
971843611570379776349616466501223864532639893717114652
229686686296740954976376
435367040340900196536173495893408858806
89447912683763
4816845373506
110551025172
6911112638501003232897675414805167650062256128
9780487423
89178616724
25134532212339960
61005156790
614095275029600760375
2970366317799140
623106419019059980345568487090467675983392637037
978590682864894463
19563164655436221862141643571353682077630904914330935
74510123485773558740053603285759
53883744895565240887239643350648803909
3228394354256457035080
413762884481801343935350
5702644145382510597382849291843979396048498216959159
42930390
72032737370662810120261546437734030487718894
4057758839778344
18528287810061839803589340
189391132998306909
797527241856437
142883402664673762076806648650861
59158223532428322980
5647019
22810049488531831436299549800826147817919038161813
91883962682470761915324359283220888291008
95752405568263332793304901898
928825404408280195411334758649253381810699118484243
16013356483109847946760926942886889474517504
482647286516131496278538547122817067900868632591754
69359824535135753191983613030741619112930033452
585920076
481187408057460257452785977516621789642389888
53015826762219281574433275842654297810001
75748977648560898950519182
6980765470201343076982212856128
2529577
3061585813720216218965
1582236539012087542185495445160305
69709828370646495294
6829335330740115532440022014260612156450392524879
2943795795901706435920534688478117018374935294806
59313346003268637237029272451687624321419
1725073674684818076416163860380235008006
285041
43106345011413908500922914837480920
10346826538062666546338421
4533324
43832318371957659812327570960881469178477411
267532310460
272388386109586195172450045445
282634788295
8761041043104892815351902932403373
46015740958017265408717320130566437671929394712826845
866173940629798129044939593535499699647606044
34298264618166432927194852729015858036175720
98887281778651931
16136472053012164934
4235137762186433
642286808310793657498195310425017159915
13658819
999942827285204782242086109456363505634437305
24069873229145958699564939222727282058810034068616474
42761211053200797930768770485670751227922189716
31198383935416005889219422571964188
776233199
4449575715622262868195221891209508259
7039360796585801738
226674890109254363835120166398254597348100787
999515171839821965700869601547575409003372725817321
8240019520586992457084
5872849115863377871106188820
76681142
91733
2417048036830129
18008008953369092887167688291211711733
7287890152981890127562729353361393284005647143
5772653595597137389635679793859889190719247213
9436227896030029569127390633
1822426873495296418872
97753904905888637360954
4671870115876024928767296958597207358529677566898424
4535494552189901610311
6672431719251233763040456174916078084543299448
52110757204424154599720222
7691376216583366533827604
49155828623
30945064436551521998497543
684349796508026063451947075566572342
6388231840416180453060
47409605541390536264571120118643308414677
4135615320133576278851446468407203747155763
2410785591556155184557303718052218745
10068792778
8603470144138315307473705121897637720
2437751
3254276516957552201297
24223199395532998746219392687905
952290977507601082357262638
94009711476557664233877312727529445281054870672587935
81799018675491703705504779887268
321277339705742442437514457965966915142302
824873112005411113578057847118688522966339012164206
8756821102141
810417611328216557497717749718322
83339716371003802346344724198592487892021649
274254683891166005619042505943403385625
94445920716348042824417054436768136575712686990912
28069169902962
6599611994564962932125429828841061461122982
76430758690
97276011261177901666029156
4159022718188416098914903166383791267
41484554108375550443683531073298266458770595226125
59156067658889019
823671334860900464457527635870480145096651215093626
78257123194447694
287312369249255736073118104787080431148924114479136389
3240913912959961641
69385614067041754287594472146047373718216433755
79097442633169276154158848105159452548691567
5499621998192442748436526447873799112510138285
20659481924961355814421284970621923749192241714805
592619162060762047346911194042721418976714309
2616559
705524298817257839965183139664156519987388201
