23404080293736873134
956964806108421089478314703129508731573779164148856310
82418279488011505
759692620748559
76775
1010324809951934098814830216459736
96259934616090719379552454005
18226
647438810001625238336693
90448583875776
493340871941842851695
9729750627047194434091004805843388159516904316191
407977119758620628125911215421677000178
3775745586144105609869277461
5922767253760606129613439
65471645103856428
25600662148181
55737102291224775158191985175387179834
9319301856160395
845825614458873215644342668964839
